16 19 20 1
14 25 55 1
49 24 56 1
10 71 40 1
50 53 56 1
16 51 56 1
52 65 28 1
60 61 42 1
54 21 20 1
33 61 54 1
53 56 32 1
16 64 26 1
10 28 52 2
49 17 50 2
49 13 42 2
9 60 47 2
13 56 46 2
19 53 59 2
47 54 60 2
58 60 43 2
55 54 44 2
34 50 36 2
30 42 39 2
16 81 32 2
53 76 40 3
59 64 45 3
58 70 44 3
60 58 34 3
8 59 48 3
12 70 48 3
8 58 39 3
58 33 56 3
58 25 22 3
30 58 62 3
16 23 9 3
60 58 48 4
59 64 44 4
60 58 32 4
8 58 48 4
12 69 46 4
58 31 57 4
32 61 60 4
24 23 9 4
59 55 44 5
60 59 30 5
17 29 58 5
22 52 58 5
58 53 48 6
58 58 46 6
60 59 30 6
12 69 46 6
11 61 48 6
60 34 51 6
14 27 57 6
56 27 24 6
23 59 60 6
38 57 62 6
26 21 50 6
55 67 44 7
11 69 47 7
45 49 55 7
23 46 56 7
46 57 59 7
24 60 55 7
46 62 54 7
31 64 54 7
38 25 54 7
41 21 41 7
30 23 54 7
48 30 54 7
9 32 53 7
49 61 29 7
21 65 30 7
29 58 30 7
40 56 29 7
56 14 45 7
16 13 46 7
47 78 31 8
16 77 28 8
18 83 32 8
19 78 33 8
57 71 42 8
50 73 32 8
13 68 46 8
55 66 52 8
21 64 55 8
40 63 47 8
32 63 50 8
26 47 59 8
46 55 59 8
22 56 55 8
40 25 54 8
31 22 56 8
10 31 57 8
51 62 28 8
18 63 28 8
44 54 38 8
56 17 48 8
35 21 10 9
59 40 28 9
10 43 28 9
46 15 33 9
50 65 28 10
18 67 30 10
40 59 56 10
47 46 58 10
23 47 60 10
59 40 28 10
5 41 27 10
34 23 14 10
60 57 38 10
56 52 52 10
8 58 44 10
16 69 40 10
41 41 36 10
30 46 36 10
44 58 28 10
24 51 32 10
30 55 32 10
44 13 27 10
13 22 52 11
54 25 55 11
10 69 46 11
62 61 48 11
36 56 46 11
29 41 42 11
42 12 34 11
66 31 37 11
58 65 42 12
38 59 56 12
29 57 32 12
41 53 27 12
17 29 48 12
59 29 32 12
56 25 54 12
40 19 44 12
38 11 34 12
50 76 39 13
56 64 45 13
38 63 56 13
29 58 30 13
42 57 27 13
52 28 50 13
23 23 40 13
42 22 39 13
40 17 56 13
37 19 60 14
50 23 54 14
54 33 52 14
18 63 57 14
57 60 48 14
33 67 48 14
14 17 18 14
52 19 15 14
32 41 34 14
46 43 26 15
61 21 42 15
47 78 31 15
51 31 17 15
50 19 26 15
51 46 61 16
36 64 51 16
31 64 54 16
49 62 26 16
19 65 25 16
61 45 35 16
18 27 18 16
55 61 43 16
25 33 29 16
43 39 27 16
33 67 52 17
32 59 54 17
22 59 49 17
11 59 39 17
57 57 46 17
20 59 56 17
51 56 56 17
29 65 42 17
18 24 51 17
52 24 56 17
23 7 32 17
44 3 32 17
11 23 22 17
55 27 23 17
23 55 28 17
46 56 28 17
17 63 26 17
50 65 27 17
16 23 19 17
54 23 20 17
34 23 16 17
35 23 14 17
16 81 30 18
55 77 33 18
63 59 50 18
4 27 30 18
7 37 25 18
58 21 29 18
16 67 32 18
55 63 25 18
35 54 66 18
59 45 56 18
36 65 49 18
16 31 54 18
54 29 57 18
31 12 26 18
52 17 22 18
8 59 40 19
57 59 40 19
8 59 28 19
60 57 36 19
62 67 30 19
13 63 26 19
55 61 26 19
38 55 64 19
36 67 46 19
27 55 34 19
42 55 33 19
51 15 20 19
20 73 41 20
21 65 27 20
50 61 28 20
41 53 56 20
30 60 52 20
31 63 47 20
40 56 53 20
40 61 48 20
19 23 54 20
13 33 50 20
14 69 46 21
18 76 40 21
13 72 43 21
21 57 56 21
21 55 60 21
13 56 56 21
48 53 55 21
18 67 28 21
15 63 27 21
58 53 40 21
52 61 28 21
18 63 32 21
30 67 46 21
39 56 56 21
39 53 60 21
29 59 49 21
51 29 54 21
44 21 59 21
29 17 56 21
13 33 54 21
13 29 55 21
58 35 51 21
40 13 22 21
42 53 39 21
45 54 36 21
21 23 19 21
32 15 20 21
34 25 24 21
50 19 19 21
53 23 16 21
58 65 41 22
52 18 57 22
53 22 50 23
10 27 55 23
58 56 40 23
17 60 57 23
31 59 30 23
16 78 37 24
22 61 59 24
58 53 54 25
60 55 41 25
58 65 40 25
56 33 50 25
58 35 53 25
51 27 60 25
11 31 50 25
38 8 42 26
47 7 38 26
60 17 29 26
52 27 54 26
20 12 29 26
16 19 24 26
26 15 42 26
18 27 52 26
62 41 38 27
52 40 52 27
50 63 26 27
59 51 34 27
38 53 54 27
59 35 44 27
36 41 32 27
51 45 56 27
42 49 34 27
44 35 56 27
58 42 34 27
56 27 38 27
48 32 62 27
42 51 29 27
60 61 41 27
38 25 56 27
52 64 40 27
52 66 44 27
12 35 40 27
28 64 52 27
8 59 36 27
11 37 46 27
28 56 49 27
18 63 27 27
13 63 33 27
30 46 30 27
30 43 30 27
8 24 34 27
7 59 42 27
12 41 18 27
6 35 54 27
24 21 48 27
13 79 34 27
4 47 28 27
26 21 52 27
16 65 42 27
16 76 44 27
15 65 38 27
18 75 27 27
13 76 35 28
8 61 45 28
57 71 36 28
53 63 24 28
10 57 43 28
60 57 47 28
56 55 50 28
62 56 36 28
52 61 58 28
47 57 56 28
30 67 50 28
38 61 60 28
7 37 54 28
14 33 50 28
12 33 54 28
60 35 50 28
52 33 53 28
58 31 14 28
8 37 32 28
8 39 28 28
55 36 29 28
68 37 37 28
63 31 41 28
16 62 27 28
12 61 26 28
53 61 32 28
22 63 26 28
24 54 38 28
37 54 35 28
48 46 26 28
28 50 38 28
36 39 28 28
36 29 24 28
27 46 25 28
29 38 26 28
37 65 46 29
16 28 52 29
51 29 48 29
14 68 40 29
25 56 54 29
15 61 27 29
52 61 27 29
50 53 56 29
53 21 16 29
56 66 40 29
18 21 18 29
55 55 42 29
11 59 42 29
37 21 32 30
60 35 36 30
58 55 44 30
48 50 58 30
42 16 56 30
51 68 47 30
56 15 39 30
38 42 30 30
22 45 58 30
14 41 37 30
11 57 43 30
20 49 27 30
40 47 58 31
49 52 36 31
62 35 36 31
52 69 47 31
44 16 54 31
46 25 62 31
56 20 32 31
42 17 42 31
40 29 58 31
34 13 36 31
15 57 36 31
10 39 36 31
26 19 38 31
16 39 56 31
9 33 45 31
60 56 54 32
50 61 54 32
52 58 56 32
55 75 40 32
58 72 38 32
60 75 36 32
58 29 56 32
14 59 52 32
20 63 56 32
15 71 46 32
15 65 22 32
34 61 52 32
32 67 46 32
40 59 54 32
24 16 59 32
6 29 33 32
10 29 56 32
57 77 26 33
60 63 38 33
36 67 46 33
43 51 34 33
40 26 56 33
36 11 13 33
50 11 14 33
51 23 11 33
16 73 48 33
16 59 54 33
8 61 42 33
14 67 24 33
32 69 46 33
33 65 54 33
30 22 56 33
13 17 10 33
57 55 58 34
53 43 52 34
62 43 57 34
60 53 32 34
10 55 54 34
18 55 56 34
31 57 55 34
30 21 15 34
22 21 12 34
32 15 20 34
62 59 43 34
35 50 55 34
38 59 56 34
66 32 39 34
38 51 57 35
25 33 30 35
51 48 56 35
48 48 55 35
36 58 59 35
43 31 64 35
38 38 29 35
38 70 43 35
29 72 32 35
41 57 28 35
37 57 29 35
28 60 27 35
20 31 31 35
55 60 32 35
29 47 60 36
50 31 28 36
24 24 29 36
19 33 21 36
32 18 39 36
9 42 46 36
6 41 43 36
30 70 28 37
24 45 56 37
22 33 57 37
14 40 57 37
38 35 38 37
43 72 28 37
28 62 40 37
16 22 38 37
27 74 56 38
34 79 41 38
48 73 23 38
48 76 29 38
17 78 31 38
15 71 51 38
7 60 43 38
4 26 38 38
61 50 21 38
7 53 19 38
1 38 27 38
8 22 46 38
35 32 33 38
33 18 33 38
35 11 20 38
60 63 26 39
58 31 49 39
56 30 54 39
11 57 42 39
10 63 38 39
41 47 35 39
40 53 34 39
32 43 32 39
55 53 44 39
18 63 22 39
58 63 43 39
12 31 50 39
66 32 42 39
19 22 54 39
53 75 34 39
52 73 38 39
56 57 50 39
36 70 39 39
48 63 27 39
34 68 44 39
52 26 54 40
58 31 53 40
50 65 27 40
59 63 24 40
49 60 52 40
56 57 48 40
12 63 40 40
20 23 51 40
16 26 50 40
38 68 40 40
37 62 40 40
32 38 42 40
17 61 26 40
31 65 44 40
41 49 34 40
32 45 32 40
56 60 32 40
20 75 26 40
37 59 54 40
41 18 52 40
8 60 30 40
62 60 34 40
37 63 50 40
63 59 45 41
50 65 28 41
41 57 60 41
45 15 42 41
18 70 42 41
15 58 27 41
21 13 42 41
58 20 14 41
33 65 51 42
58 60 47 42
55 58 42 42
50 26 58 42
40 3 33 42
22 10 30 42
57 56 50 43
55 55 40 43
59 63 30 43
51 27 58 43
56 15 31 43
14 20 19 43
57 66 40 44
58 56 51 44
48 26 56 44
20 22 56 44
49 5 34 44
19 16 21 44
60 63 46 45
58 65 43 45
58 60 42 45
49 24 58 45
19 23 54 45
49 5 35 45
20 6 32 45
23 81 28 46
46 79 28 46
34 69 52 46
34 57 56 46
48 53 64 46
35 48 62 46
16 55 56 46
18 75 46 46
14 77 36 46
58 73 42 46
48 87 36 46
36 63 38 46
8 57 38 46
62 59 44 46
58 79 26 46
12 61 27 46
53 66 34 46
55 54 34 46
15 45 62 46
54 43 63 46
6 43 46 46
42 37 66 46
62 43 50 46
30 37 70 46
6 32 49 46
64 41 38 46
26 19 56 46
23 16 42 46
32 28 63 46
46 11 48 46
21 28 64 46
48 21 58 46
57 41 22 46
10 20 30 46
12 46 16 46
62 22 28 46
56 13 41 46
14 61 15 46
60 61 22 46
10 29 23 46
56 29 22 46
42 7 26 46
46 16 33 46
34 5 36 46
34 13 44 46
56 13 41 46
27 41 33 46
40 41 32 46
30 53 36 46
42 51 37 46
26 27 8 46
16 19 22 46
24 25 24 46
46 29 20 46
54 23 12 46
31 59 66 47
34 60 55 47
18 53 59 47
12 69 42 47
8 57 46 47
16 79 28 47
58 79 28 47
53 51 54 47
62 58 47 47
53 75 37 47
30 71 28 47
40 67 34 47
43 79 24 47
32 67 44 47
6 59 45 47
64 59 44 47
50 63 34 47
6 58 30 47
60 59 32 47
32 41 63 47
14 43 54 47
64 42 38 47
20 16 42 47
34 24 63 47
46 21 58 47
18 31 56 47
6 39 46 47
54 30 56 47
14 15 30 47
58 19 32 47
52 9 32 47
10 27 36 47
20 31 22 47
52 21 21 47
28 11 24 47
26 11 36 47
38 13 40 47
28 57 36 47
17 11 18 47
23 54 61 48
37 55 60 48
61 58 43 48
52 64 31 48
53 74 42 48
55 77 34 48
18 63 32 48
56 29 53 48
46 19 51 48
51 24 54 48
15 25 56 48
13 29 52 48
27 18 58 48
31 14 17 48
19 24 11 48
52 24 11 48
61 57 42 49
50 51 53 49
51 51 58 49
23 53 61 49
33 62 52 49
52 65 33 49
14 68 47 49
15 75 40 49
9 57 45 49
56 77 35 49
52 73 40 49
18 63 32 49
45 18 50 49
54 28 52 49
13 29 53 49
18 15 48 49
28 11 17 49
16 19 14 49
51 62 28 50
35 40 34 50
62 30 50 50
18 20 54 50
10 62 41 50
19 63 28 50
53 79 32 50
17 21 19 50
53 64 26 51
59 29 54 51
15 20 13 51
19 22 52 51
10 62 40 51
57 54 48 51
29 14 17 51
35 43 34 51
18 63 29 51
36 58 56 51
31 66 45 51
12 74 26 51
51 20 11 51
40 14 19 51
35 34 42 51
36 14 52 52
56 42 62 52
54 37 45 52
28 47 64 52
56 53 45 53
36 51 62 53
56 49 56 53
50 22 51 53
48 17 52 53
56 29 51 53
17 63 27 53
20 17 54 53
16 28 54 53
18 19 48 53
12 53 45 53
10 64 45 53
12 53 45 53
10 64 45 53
12 73 45 53
18 51 63 53
22 49 60 53
59 27 33 53
42 51 38 53
42 57 32 53
36 43 38 53
22 17 56 54
16 31 51 54
22 49 60 54
47 49 58 54
32 59 57 54
56 27 56 54
47 17 57 54
52 25 52 54
17 63 27 54
12 59 28 54
52 63 32 54
56 59 27 54
11 55 44 54
11 63 46 54
6 55 48 54
50 55 54 55
58 63 38 55
47 61 52 55
10 72 36 56
48 55 52 56
61 56 52 57
16 79 32 57
34 61 56 57
48 25 55 57
44 53 32 57
15 58 41 57
44 51 24 57
57 57 40 58
50 17 56 58
34 61 56 58
16 79 26 58
44 52 32 58
15 58 41 58
46 51 22 58
18 50 11 58
64 25 24 58
58 57 40 59
34 63 54 59
52 82 26 59
16 67 24 59
44 54 34 59
39 15 56 59
58 59 40 60
34 63 54 60
52 80 24 60
44 54 34 60
56 57 45 61
41 4 38 61
14 52 58 61
35 61 56 61
58 53 58 61
23 19 48 61
17 11 32 61
17 65 33 61
47 5 26 62
28 33 36 62
44 34 36 62
59 19 20 62
4 37 26 62
34 57 57 62
6 33 22 62
56 10 26 63
16 10 27 63
56 58 44 63
38 39 24 63
8 65 39 63
22 16 46 63
50 16 46 63
44 37 28 63
30 63 54 63
11 59 45 63
47 43 24 64
29 35 40 64
50 11 22 65
21 13 22 65
46 11 24 65
19 19 24 65
18 9 28 65
46 15 28 65
30 39 25 65
50 66 22 65
13 63 22 65
18 65 25 65
50 65 26 65
26 15 34 65
28 57 30 65
38 43 31 65
28 43 34 65
24 53 32 65
26 16 36 65
11 57 42 65
60 56 42 65
12 37 46 65
58 55 48 65
48 27 51 65
18 15 52 65
32 63 48 65
9 55 50 65
34 59 50 65
18 49 54 65
52 45 58 65
62 58 50 66
49 21 62 66
50 20 56 66
64 29 37 66
42 51 37 66
32 65 56 66
12 28 51 66
30 53 34 66
61 56 52 67
30 75 43 67
56 57 36 68
50 27 56 68
11 70 40 68
12 29 53 68
52 27 54 69
11 71 40 69
52 63 29 69
34 63 54 69
54 77 34 69
15 64 22 70
52 27 54 70
54 17 15 70
50 63 29 70
32 65 50 70
11 68 40 70
52 77 34 70
30 71 46 71
13 20 51 71
61 37 52 72
52 28 54 72
62 57 44 72
56 66 42 72
38 64 50 72
30 62 48 72
36 57 58 72
60 18 28 72
41 53 58 73
59 47 49 73
17 44 58 73
61 54 39 73
9 55 43 73
19 74 44 73
57 32 51 73
19 28 51 73
47 18 48 73
21 18 50 73
59 21 23 73
15 21 32 73
51 6 34 73
23 6 34 73
47 54 30 73
25 58 30 73
37 37 27 73
41 13 22 73
21 20 21 73
39 53 58 74
57 49 52 74
15 51 54 74
61 56 37 74
9 56 39 74
17 74 42 74
49 28 51 74
15 34 51 74
47 20 48 74
31 24 55 74
27 18 56 74
59 21 23 74
11 25 26 74
43 8 43 74
47 56 30 74
27 60 28 74
41 62 26 74
29 60 28 74
41 52 30 74
27 52 32 74
43 44 27 74
29 48 36 74
41 58 26 74
29 44 29 74
53 20 21 74
19 22 21 74
37 57 54 75
57 49 56 75
43 57 59 75
25 57 57 75
59 68 40 75
17 76 42 75
49 22 50 75
45 5 29 75
27 7 32 75
47 58 26 75
19 64 29 75
21 20 18 75
33 59 52 76
55 44 58 76
59 50 34 76
53 62 26 76
19 65 28 76
59 35 49 76
19 30 53 76
55 34 60 76
7 43 47 76
29 18 48 76
63 19 32 76
11 23 30 76
43 46 27 76
25 24 20 76
35 23 26 76
23 20 10 76
29 17 20 76
31 12 15 76
35 66 48 77
15 68 42 77
19 78 38 77
37 13 22 77
13 20 16 77
17 17 20 77
47 22 57 78
52 31 54 78
56 35 56 78
57 57 42 78
58 67 40 78
56 57 47 78
36 66 50 78
30 66 49 78
14 64 26 78
18 25 52 78
16 23 59 78
54 81 36 78
50 20 32 78
8 35 56 78
45 7 38 78
44 54 36 78
64 31 36 78
60 66 40 79
57 63 26 79
52 57 44 79
14 29 50 79
29 71 42 79
8 65 40 79
48 32 53 79
50 19 51 79
54 31 52 79
15 65 24 79
20 15 35 79
42 33 41 79
14 60 40 79
14 56 42 79
38 69 46 79
24 57 35 79
54 40 58 80
47 47 56 80
60 41 57 80
62 39 54 80
52 55 58 80
36 52 54 80
58 34 52 80
58 40 44 80
41 47 64 80
64 55 39 80
60 29 42 80
46 17 58 80
36 49 58 80
59 41 39 80
58 55 33 80
36 40 44 80
40 15 51 80
62 31 56 80
54 75 45 80
53 69 44 80
38 59 45 80
18 31 46 80
14 29 51 80
28 61 52 80
16 49 60 80
10 39 52 80
41 41 32 80
40 46 32 80
23 25 16 80
48 53 32 80
52 54 62 81
46 59 59 81
28 63 48 82
58 49 58 82
18 53 62 82
44 56 63 82
48 53 54 82
39 61 56 82
26 25 64 82
31 67 46 82
36 69 44 82
57 57 54 82
46 57 58 82
38 55 63 82
36 62 56 82
29 21 61 82
37 21 63 82
52 35 55 82
53 11 24 83
14 17 18 83
56 31 52 83
60 53 48 83
47 17 57 83
18 21 57 83
60 53 48 83
24 19 60 83
20 19 16 83
20 51 63 83
52 17 18 83
54 64 30 83
18 64 32 83
46 52 34 83
14 70 42 83
56 64 44 83
29 15 20 83
44 17 58 83
60 53 48 83
23 19 60 83
16 71 42 83
8 58 45 83
23 21 33 83
54 31 12 83
68 45 39 83
52 77 39 83
52 33 9 83
50 24 53 84
35 66 53 84
52 33 61 84
36 33 29 84
20 64 30 84
19 32 31 84
30 56 28 84
61 34 19 84
59 63 31 84
22 58 57 85
38 63 53 85
14 70 46 85
19 84 34 85
52 63 28 85
28 18 56 85
49 52 59 85
59 28 55 85
18 54 58 86
37 59 57 86
8 63 45 86
63 62 46 86
56 68 26 86
13 25 59 86
54 69 48 87
50 64 28 87
58 65 30 87
60 55 38 87
47 57 42 87
17 81 30 87
10 65 46 87
10 57 52 87
20 64 28 87
14 65 28 87
11 58 42 87
32 64 52 87
54 31 54 87
14 28 57 87
52 57 50 87
50 55 56 87
53 25 32 87
58 34 32 87
11 21 24 87
18 22 32 87
14 29 32 87
50 17 27 88
18 15 30 88
53 76 32 88
51 73 26 88
46 17 57 88
18 23 58 88
64 57 48 88
22 58 56 88
17 63 56 88
28 65 35 88
36 69 46 88
26 64 48 88
41 47 39 88
29 55 25 88
43 56 28 88
25 56 23 88
29 7 26 88
52 11 24 88
42 4 30 89
58 79 34 89
64 65 38 89
56 71 24 89
44 21 60 89
52 35 52 89
40 63 53 89
24 53 54 89
45 71 53 89
58 19 28 89
10 23 27 89
46 49 16 89
26 51 20 89
48 38 27 89
29 48 48 89
36 67 48 89
29 63 27 89
43 61 34 89
46 61 26 89
20 19 22 89
55 13 24 89
60 61 40 90
16 63 24 90
52 65 24 90
38 72 46 90
33 71 48 90
50 27 50 90
34 72 37 90
50 42 26 90
32 45 26 90
15 72 44 91
49 46 52 91
50 61 23 91
51 63 27 91
18 24 55 91
57 32 55 91
31 59 52 91
32 68 45 91
15 69 44 92
59 51 48 92
52 62 25 92
52 63 26 92
18 23 55 92
57 32 54 92
31 57 58 92
33 60 47 92
64 55 41 93
17 61 27 93
22 48 53 93
29 49 36 93
58 50 51 93
63 44 44 93
23 47 29 93
39 42 24 93
64 47 26 93
51 61 31 93
14 74 42 94
14 65 42 94
19 76 25 94
32 59 55 94
55 67 43 94
48 83 26 94
56 55 48 94
18 23 54 94
48 24 55 94
53 23 55 94
54 58 39 95
17 57 44 95
59 70 39 95
20 73 40 95
11 70 42 95
58 73 28 95
18 63 26 95
11 64 27 95
52 29 56 95
38 19 58 95
16 31 48 95
17 21 50 95
29 15 52 95
52 23 46 95
36 25 10 95
18 13 42 95
53 65 26 96
10 65 40 96
34 31 62 96
34 31 54 96
12 39 54 96
28 23 28 96
47 49 12 96
10 49 18 96
53 35 36 96
57 54 51 97
46 51 58 97
58 68 42 97
54 74 47 97
43 57 54 97
59 42 27 97
67 30 36 97
9 34 36 97
6 25 44 97
7 42 30 97
52 36 36 97
55 29 49 97
7 33 44 97
13 38 41 97
11 36 45 97
17 28 47 97
60 41 38 97
20 39 34 97
27 51 37 97
39 46 36 97
33 50 31 97
26 47 35 97
29 42 27 97
27 16 11 97
36 17 54 98
13 73 38 98
30 9 23 98
11 67 46 98
34 15 50 98
18 59 60 98
17 83 36 98
32 67 48 98
12 27 48 98
48 56 18 99
37 83 22 99
26 81 26 99
15 69 32 99
18 45 50 99
22 63 49 99
38 25 42 99
22 77 30 99
30 31 50 99
5 47 39 99
19 51 48 99
48 29 12 99
34 55 60 100
42 51 60 100
40 20 60 100
53 31 56 100
42 9 39 100
28 11 34 100
18 71 40 101
56 71 42 101
55 63 34 101
15 67 40 101
18 61 30 101
40 57 54 101
32 61 54 101
15 53 44 101
50 57 60 101
54 25 54 101
24 19 54 101
59 21 24 101
44 45 36 101
30 51 32 101
34 19 24 101
50 19 20 101
40 41 44 101
32 41 44 101
57 63 43 102
16 71 37 102
60 55 44 102
18 61 30 102
57 29 48 102
18 28 53 102
34 62 54 102
40 57 54 102
18 51 58 102
54 49 55 102
44 61 62 103
49 61 60 103
54 53 50 103
61 63 44 103
54 55 61 103
36 63 52 103
58 55 40 103
54 69 37 103
56 38 57 103
55 31 53 103
49 31 62 103
49 27 65 103
52 24 60 103
59 47 21 103
56 49 18 103
60 27 22 103
54 16 15 103
48 13 16 103
28 63 44 103
34 57 45 103
9 55 41 103
14 52 14 103
12 23 34 103
6 33 20 103
12 35 21 103
14 48 14 103
32 7 31 103
11 56 34 103
26 15 48 103
16 16 14 103
56 51 46 104
52 62 32 104
17 64 32 104
17 67 28 104
16 75 30 104
15 69 40 104
11 65 44 104
22 53 58 104
31 62 52 104
34 54 44 104
49 17 48 104
13 27 54 104
27 29 22 104
23 21 18 104
63 59 45 105
61 50 44 105
41 47 60 105
45 15 42 105
50 35 20 105
18 70 42 105
19 66 32 105
21 13 42 105
27 42 35 105
58 56 42 106
55 69 40 106
15 71 39 106
24 55 56 106
54 53 50 106
38 62 52 106
34 29 44 106
36 71 44 106
52 63 28 106
17 65 28 106
50 27 55 106
19 29 55 106
40 18 60 106
20 13 51 106
34 29 56 106
52 15 44 106
10 25 28 106
41 26 19 107
36 24 25 107
52 24 56 107
15 62 34 107
14 30 53 107
28 12 38 107
42 54 31 107
51 47 60 107
16 28 12 107
18 16 54 107
56 9 26 107
19 16 47 107
50 64 31 107
59 53 38 107
55 59 32 107
6 57 35 107
50 46 55 107
40 40 46 107
32 62 55 107
36 49 62 107
38 55 57 107
14 73 42 107
52 71 42 107
26 50 64 107
14 63 49 107
51 10 40 107
29 39 45 107
9 68 43 107
55 75 41 107
11 54 32 107
39 42 25 107
23 44 66 107
52 5 30 108
47 22 54 108
16 38 54 108
30 41 30 108
13 44 56 108
40 51 58 108
34 51 61 108
40 42 34 108
32 49 64 108
54 45 61 108
63 47 55 108
44 47 29 108
26 53 30 108
16 61 33 108
24 44 67 108
57 37 63 108
41 37 45 108
41 39 53 108
32 45 53 108
50 65 30 108
12 63 31 108
34 38 6 108
62 30 34 108
37 36 55 108
34 58 54 109
58 51 50 109
18 55 52 109
21 69 39 109
14 59 41 109
7 64 35 109
10 55 35 109
5 53 48 109
14 53 42 109
11 26 32 109
8 21 35 109
11 36 54 109
53 29 54 109
60 33 54 109
48 21 55 109
45 16 54 109
22 24 56 109
32 49 44 109
30 45 38 109
23 39 28 109
34 58 55 110
10 59 49 110
60 59 50 110
20 55 56 110
48 55 55 110
40 13 41 110
26 21 58 110
40 23 63 110
16 75 43 110
20 81 36 110
54 81 34 110
23 56 34 110
16 63 32 110
52 62 32 110
41 45 36 110
63 56 40 111
37 54 60 111
59 50 52 111
7 52 52 111
47 20 50 111
21 28 48 111
45 26 14 111
47 20 50 111
21 28 48 111
45 26 14 111
23 20 16 111
43 46 42 111
25 54 40 111
61 32 36 111
59 28 18 111
19 52 54 111
15 76 44 111
52 29 51 112
41 17 54 112
28 22 51 112
10 37 48 112
14 21 48 112
30 71 46 112
58 61 40 112
54 75 33 112
16 75 34 112
11 71 42 112
53 27 52 113
58 63 42 113
16 79 33 113
34 59 54 113
58 51 52 113
17 51 57 113
45 48 58 113
54 13 24 113
54 18 24 113
20 15 21 113
57 25 54 114
58 56 48 114
14 76 34 114
52 63 29 114
6 61 38 114
32 59 54 114
58 53 52 114
55 15 24 114
17 18 24 114
41 11 22 114
19 18 20 114
52 79 37 115
51 53 59 115
16 64 24 115
36 62 55 115
39 49 61 115
53 54 45 115
32 57 43 115
51 23 51 115
17 20 51 115
6 30 34 115
57 21 18 115
14 27 17 115
52 8 27 115
47 55 23 115
25 46 34 115
47 27 21 116
37 12 29 116
12 64 29 116
55 62 29 116
11 67 32 116
18 75 48 116
29 11 48 116
33 32 27 117
30 4 27 117
14 17 27 117
44 5 27 117
13 65 30 117
7 27 46 117
31 3 30 117
41 3 30 117
22 39 33 117
61 30 30 117
12 26 33 117
57 37 33 117
17 9 33 117
38 21 46 117
27 13 46 117
32 54 27 117
62 39 36 118
51 75 36 118
30 72 36 118
29 82 48 118
41 85 37 118
28 42 37 118
24 53 38 118
28 13 47 118
39 22 46 118
18 45 54 118
54 46 53 118
15 65 35 119
15 64 42 119
19 51 48 119
14 33 50 119
52 28 53 119
58 35 52 119
15 63 26 119
8 27 32 119
15 81 26 119
60 61 32 119
10 33 52 119
62 33 52 119
20 67 30 120
60 61 32 120
15 79 36 120
54 67 40 120
58 57 48 120
12 58 49 120
41 48 37 120
32 67 46 120
10 31 52 120
47 24 53 120
48 24 28 121
56 67 40 121
50 51 50 121
14 51 50 121
54 24 56 121
48 65 29 121
17 65 28 121
52 75 30 121
13 70 39 121
56 67 40 121
58 57 46 121
34 69 48 121
12 29 52 121
49 26 53 121
52 75 32 122
10 70 39 122
12 67 46 122
58 55 46 122
36 69 46 122
52 26 53 122
56 19 28 123
10 21 31 123
54 62 44 124
17 69 44 124
48 50 57 124
20 49 56 124
38 64 50 124
30 61 48 124
38 54 55 124
29 53 51 124
60 57 44 124
16 37 52 124
58 31 51 124
54 30 53 124
49 21 50 124
16 31 53 124
44 19 51 124
58 65 27 125
55 80 37 125
57 67 34 125
48 68 34 125
8 55 53 125
55 53 46 125
35 62 54 125
44 44 20 125
44 50 20 125
51 37 26 125
18 29 28 125
60 27 56 125
56 25 16 125
36 11 15 125
42 85 34 126
59 61 52 126
21 73 22 126
12 61 40 126
58 69 46 126
34 61 58 126
56 55 48 126
26 59 62 126
49 19 54 126
14 21 54 126
50 65 34 126
14 65 34 126
10 59 48 127
10 71 40 127
14 69 36 127
6 59 41 127
46 49 58 127
18 52 60 127
57 50 55 127
12 53 58 127
58 53 51 127
9 57 48 127
37 58 57 127
32 59 58 127
17 61 34 127
50 65 30 127
44 21 62 127
19 21 58 127
54 33 52 127
16 26 52 127
42 20 60 127
45 16 51 127
20 19 49 127
47 5 35 127
20 7 32 127
56 13 26 127
56 21 27 127
13 21 24 127
47 11 42 127
16 11 41 127
46 11 50 127
14 13 31 127
29 9 30 127
38 40 30 127
30 41 30 127
56 71 40 127
60 65 42 127
62 63 31 127
62 35 52 127
60 20 30 127
6 28 22 127
58 26 24 127
7 27 21 127
62 27 26 127
8 27 29 127
62 61 28 128
53 17 22 128
56 54 48 128
53 64 40 128
52 57 14 128
49 27 7 128
50 43 18 128
37 63 47 128
14 21 20 128
15 16 21 128
12 23 14 128
35 55 62 128
21 41 17 128
17 29 6 128
17 21 10 128
11 49 46 128
45 38 48 129
28 37 45 129
28 70 41 129
40 43 36 129
46 23 32 129
14 26 28 129
16 27 26 129
57 30 12 129
53 57 51 130
38 51 49 130
12 49 49 130
54 47 49 130
20 28 47 130
40 53 43 130
28 61 43 130
14 55 43 130
24 41 43 130
50 41 42 130
58 57 42 130
16 63 42 130
8 59 40 130
56 65 38 130
14 69 36 130
27 59 36 130
16 51 34 130
64 39 30 130
53 55 28 130
12 64 28 130
40 21 26 130
36 49 24 130
28 55 24 130
50 61 24 130
46 24 20 130
56 38 20 130
14 59 20 130
20 47 18 130
33 41 17 130
55 62 32 131
60 59 30 131
11 55 31 131
13 55 49 132
56 64 28 132
11 62 42 132
49 20 55 132
58 37 54 132
52 82 32 133
50 77 41 133
58 55 46 133
12 57 42 133
32 57 56 133
40 14 38 133
56 19 24 133
54 80 34 134
52 77 42 134
58 55 46 134
12 57 44 134
54 75 48 134
34 55 56 134
32 63 52 134
10 53 56 134
52 63 32 134
17 65 28 134
38 46 35 134
30 46 35 134
49 25 60 134
23 23 64 134
20 83 34 135
44 79 28 135
10 63 35 135
58 62 36 135
17 73 42 135
54 69 42 135
16 59 53 135
53 63 52 135
24 61 60 135
44 64 56 135
32 61 60 135
36 57 58 135
16 48 56 135
52 49 58 135
12 45 52 135
58 31 53 135
17 21 53 135
52 21 48 135
26 17 60 135
43 17 58 135
31 21 57 135
38 17 58 135
7 21 26 135
64 27 23 135
8 31 29 135
60 27 32 135
18 11 42 135
51 15 36 135
19 19 24 135
38 19 30 135
32 11 40 135
38 11 44 135
58 61 37 136
14 63 43 136
57 71 43 136
54 58 51 136
24 64 58 136
38 61 57 136
33 63 56 136
36 59 59 136
56 47 52 136
58 32 54 136
16 33 50 136
52 25 48 136
25 15 56 136
46 21 54 136
28 19 61 136
62 37 16 136
56 47 26 136
19 13 46 136
24 9 23 136
54 23 16 136
38 11 42 136
66 28 28 137
60 29 30 137
64 45 32 137
65 52 34 137
29 21 57 137
32 27 58 137
44 27 15 137
48 28 15 137
40 25 57 137
44 22 62 137
62 31 42 137
48 53 52 138
8 56 37 138
50 63 26 138
24 69 26 138
18 67 28 138
13 68 38 138
38 53 58 138
27 21 54 138
45 23 58 138
8 23 23 138
59 23 24 138
43 49 27 138
28 49 27 138
18 67 47 139
16 58 56 139
18 21 58 139
55 19 7 139
60 57 42 139
43 54 30 139
24 56 35 139
34 65 51 139
20 55 62 139
30 53 63 139
36 21 59 139
50 4 30 139
58 15 21 139
24 21 32 139
26 5 28 139
48 17 20 139
34 35 26 139
41 21 4 139
54 17 6 139
35 60 53 140
9 51 51 140
34 54 58 140
35 55 57 140
34 42 36 140
13 23 20 140
55 73 42 140
17 28 17 140
11 52 43 140
19 28 52 140
21 20 45 140
5 37 29 140
52 65 32 140
63 52 49 140
46 19 57 140
11 60 26 140
35 60 34 140
49 52 60 140
59 59 27 140
53 32 50 140
10 66 44 140
57 52 47 140
15 75 45 140
34 29 35 140
21 55 56 140
60 53 42 140
24 51 55 140
45 35 14 140
58 55 42 141
61 51 52 141
54 35 52 141
58 33 42 141
37 57 58 141
66 51 37 141
44 53 36 141
44 44 37 141
8 51 49 141
26 59 36 141
21 19 22 141
62 56 41 142
60 51 52 142
60 36 52 142
60 31 44 142
52 63 28 142
58 69 32 142
37 59 58 142
44 51 30 142
42 46 37 142
50 19 21 142
8 57 38 142
16 35 52 142
26 59 36 142
28 45 36 142
18 22 20 142
48 50 59 143
59 72 40 143
10 48 56 143
15 74 48 143
59 55 44 143
11 54 43 143
46 18 51 143
26 18 59 143
47 18 51 143
63 41 49 143
21 27 56 143
61 51 47 143
12 53 46 143
39 55 53 143
34 56 56 143
41 60 29 143
24 62 37 143
47 57 34 143
23 54 35 143
42 44 36 143
29 47 34 143
46 18 45 143
24 21 47 143
59 55 56 144
61 58 52 144
17 69 48 144
13 55 49 144
61 59 44 144
16 54 47 144
49 21 50 144
11 31 53 144
48 22 52 144
62 51 52 144
11 52 47 144
38 55 57 144
34 58 56 144
38 77 43 145
27 74 52 145
50 61 23 145
25 56 49 145
57 51 10 145
63 50 24 145
56 50 41 145
6 45 29 145
39 43 49 145
16 41 33 145
49 39 21 145
56 40 59 145
60 37 40 145
11 37 40 145
45 37 52 145
47 33 59 145
28 21 10 145
63 22 44 145
40 87 41 146
32 83 26 146
47 70 58 146
44 56 32 146
24 55 29 146
4 49 33 146
10 50 54 146
57 46 51 146
24 43 21 146
46 41 17 146
34 33 51 146
26 27 67 146
65 21 29 146
40 21 41 146
61 17 46 146
17 11 36 146
49 9 41 146
18 66 30 147
50 65 33 147
56 64 40 147
37 58 57 147
28 21 8 147
58 67 44 148
56 76 36 148
59 55 46 148
44 51 52 148
50 51 60 148
18 70 42 148
18 79 39 148
35 61 54 148
40 57 57 148
23 52 58 148
22 67 32 148
54 27 50 148
47 15 56 148
41 15 57 148
16 27 28 148
53 22 28 148
56 25 18 148
54 17 15 148
54 39 20 148
20 5 26 148
48 5 26 148
44 58 30 148
44 51 36 148
41 51 42 148
26 58 26 148
46 34 30 148
42 37 34 148
23 35 30 148
26 35 33 148
16 17 15 148
36 58 58 149
40 59 52 149
30 61 48 149
50 63 28 149
14 64 30 149
50 7 22 149
22 4 26 149
17 9 26 149
36 40 24 149
36 37 27 149
32 39 26 149
44 52 32 149
44 51 26 149
44 51 38 149
38 47 28 149
26 58 28 149
28 70 53 150
24 70 48 150
44 75 30 150
37 67 32 150
38 64 23 150
43 68 46 150
50 64 53 150
44 64 53 150
3 47 23 150
5 40 29 150
52 67 28 151
57 58 44 151
8 62 44 151
14 75 42 151
30 65 50 151
64 31 32 151
8 38 30 151
55 28 50 152
49 63 32 153
16 63 27 153
56 57 42 153
9 63 43 153
34 59 55 153
46 50 58 153
49 21 53 153
50 69 30 154
58 63 40 154
12 59 44 154
51 75 36 154
32 57 58 154
54 49 57 154
34 39 42 154
66 45 33 154
4 47 27 154
52 31 48 154
34 13 21 154
47 64 35 155
16 65 34 155
47 83 35 155
57 57 52 155
36 57 52 155
34 85 34 155
64 47 28 155
4 47 27 155
53 34 49 155
39 9 33 155
51 65 30 156
16 67 29 156
60 64 42 156
9 69 43 156
32 66 52 156
64 43 30 156
8 38 30 156
56 29 52 156
11 31 53 156
36 13 16 156
25 18 42 156
39 9 31 156
27 11 32 156
56 61 26 157
15 63 28 157
62 61 44 157
8 63 42 157
30 66 48 157
67 45 27 157
6 43 28 157
53 26 52 157
12 25 51 157
38 13 20 157
