1 0 1.29209201775488 1.23526598276075
1 0 3.32056733000787 -1.18246531776036
1 0 -0.845538916682116 -1.18246531776036
1 0 -0.845538916682116 -1.18246531776036
1 0 -0.845538916682116 -1.18246531776036
1 0 -0.845538916682116 -1.18246531776036
0 1 -0.190605183578014 -1.18246531776036
0 1 -0.190605183578014 -1.18246531776036
0 1 0.837276925321479 -0.973037525909284
0 1 0.837276925321479 -0.973037525909284
1 0 0.509810058769428 -0.441860624862561
1 0 -0.681805483406091 -0.441860624862561
0 1 -0.681805483406091 -0.441860624862561
1 0 -0.257008187073291 -2.33016239002039
1 0 3.0840634819425 0.594831934167279
1 0 3.0840634819425 0.594831934167279
0 1 -0.854635218530784 0.891007557740914
1 0 -0.518072050130065 -0.094469167759166
1 0 -0.518072050130065 -0.094469167759166
0 1 -0.154219976183342 -0.856129669951523
0 1 -0.459855718298589 -0.59208504719268
1 0 3.92183288220483 1.23526598276075
1 0 -0.126931070637338 0.594831934167279
1 0 -0.126931070637338 0.594831934167279
0 1 -0.508975748281397 0.33649654252592
1 0 -0.20879778727535 0.33649654252592
1 0 -0.20879778727535 0.33649654252592
1 0 -0.136027372486006 -1.18246531776036
0 1 0.0913801737306963 -1.96983722458052
0 1 -0.754575898195435 2.13349084530867
0 1 -0.754575898195435 2.13349084530867
0 1 0.119578709461568 0.108574302326726
0 1 0.119578709461568 0.108574302326726
0 1 0.119578709461568 0.108574302326726
1 0 -0.170593319510944 -0.59208504719268
1 0 -0.170593319510944 -0.59208504719268
1 0 -0.170593319510944 -0.59208504719268
1 0 1.06468447153818 -0.973037525909284
1 0 0.144138724452971 0.33649654252592
1 0 0.144138724452971 0.33649654252592
1 0 -0.381627522400044 0.891007557740914
1 0 -0.681805483406091 0.891007557740914
1 0 -0.681805483406091 0.891007557740914
1 0 3.34785623555387 0.891007557740914
1 0 3.34785623555387 0.891007557740914
0 1 -0.363434918702708 2.7429683977116
0 1 -0.363434918702708 2.7429683977116
1 0 -0.709094388952095 -0.094469167759166
1 0 -0.709094388952095 -0.094469167759166
1 0 0.0549949663360241 -1.27677958507524
1 0 0.0549949663360241 -1.27677958507524
1 0 3.32966363185653 0.33649654252592
1 0 -0.727286992649431 0.594831934167279
0 1 -0.727286992649431 0.594831934167279
0 1 0.518906360618096 -0.276853711087355
0 1 0.518906360618096 -0.276853711087355
1 0 0.491617455072092 -0.72961005909716
1 0 0.491617455072092 -0.72961005909716
1 0 0.491617455072092 -0.72961005909716
1 0 0.491617455072092 -0.72961005909716
0 1 -0.181508881729346 -1.27677958507524
0 1 -0.181508881729346 -1.27677958507524
0 1 -0.181508881729346 -1.27677958507524
0 1 -0.181508881729346 -1.27677958507524
0 1 -0.536264653827401 -0.094469167759166
1 0 0.637158284650781 2.13349084530867
1 0 0.637158284650781 2.13349084530867
1 0 0.900951038262156 -0.973037525909284
1 0 0.900951038262156 -0.973037525909284
1 0 0.900951038262156 -0.973037525909284
0 1 2.63834469135776 -0.441860624862561
1 0 0.218728399612049 0.33649654252592
1 0 -0.408916427946048 -0.72961005909716
1 0 -0.408916427946048 -0.72961005909716
1 0 -0.408916427946048 -0.72961005909716
1 0 -0.408916427946048 -0.72961005909716
1 0 -0.408916427946048 -0.72961005909716
1 0 -0.770949241523038 0.33649654252592
0 1 -0.770949241523038 0.33649654252592
0 1 -0.272471900216027 -0.276853711087355
0 1 -0.336146013156703 0.594831934167279
0 1 -0.336146013156703 0.594831934167279
1 0 -0.0996421650913335 -0.59208504719268
1 0 -0.736383294498099 0.33649654252592
1 0 0.215089878872582 -1.44813658943655
1 0 0.103205366133965 -1.08149208804202
1 0 0.236921003309386 -0.094469167759166
1 0 -0.254279296518691 -0.094469167759166
1 0 -0.254279296518691 -0.094469167759166
1 0 -0.254279296518691 -0.094469167759166
1 0 0.637158284650781 -0.441860624862561
1 0 0.637158284650781 -0.441860624862561
1 0 -0.581746163070742 -0.59208504719268
1 0 -0.0814495613939971 0.891007557740914
1 0 0.191439494066045 2.13349084530867
1 0 0.0095134570926837 2.13349084530867
1 0 -0.207888157090483 2.13349084530867
1 0 0.136861682974037 0.33649654252592
0 1 -0.772768501892771 0.891007557740914
1 0 -0.0814495613939971 0.891007557740914
1 0 -0.418012729794716 -0.72961005909716
1 0 -0.418012729794716 -0.72961005909716
1 0 -0.609035068616746 -0.72961005909716
0 1 -0.454397937189389 -0.441860624862561
1 0 -0.381627522400044 0.891007557740914
0 1 -0.545360955676069 0.33649654252592
0 1 -0.977435293487803 -1.60008245422688
0 1 -0.977435293487803 -1.60008245422688
0 1 -0.317953409459367 0.594831934167279
0 1 0.728121303137462 -0.094469167759166
1 0 0.173246890368709 -0.72961005909716
1 0 -0.272471900216027 0.891007557740914
1 0 0.664447190196785 -0.973037525909284
1 0 0.282402512552726 -1.60008245422688
0 1 -0.299760805762031 0.594831934167279
1 0 -0.0268717503019888 0.891007557740914
1 0 -0.0268717503019888 0.891007557740914
1 0 -0.0268717503019888 0.891007557740914
1 0 0.0186097589413519 0.594831934167279
1 0 0.0186097589413519 0.594831934167279
0 1 0.0186097589413519 0.594831934167279
0 1 0.0186097589413519 0.594831934167279
0 1 -0.427109031643384 0.33649654252592
0 1 -0.427109031643384 0.33649654252592
0 1 -0.818250011136112 -0.856129669951523
1 0 0.609869379104777 1.23526598276075
0 1 -0.345242315005372 -0.72961005909716
1 0 2.14714439152968 0.108574302326726
0 1 -0.836442614833448 0.33649654252592
0 1 -0.836442614833448 0.33649654252592
0 1 -0.249731145594357 1.6422051352205
0 1 -0.249731145594357 1.6422051352205
1 0 -0.327049711308036 -0.276853711087355
1 0 -0.327049711308036 -0.276853711087355
0 1 -0.909213029622793 1.6422051352205
0 1 -0.909213029622793 1.6422051352205
1 0 -0.545360955676069 -0.72961005909716
0 1 -0.836442614833448 -0.441860624862561
1 0 -0.927405633320129 -0.72961005909716
0 1 -0.63632397416275 -1.79884014858288
1 0 -0.481686842735393 0.33649654252592
1 0 -0.481686842735393 0.33649654252592
1 0 3.19321910412651 -1.27677958507524
1 0 3.19321910412651 -1.27677958507524
1 0 -0.755485528380302 -0.441860624862561
1 0 -0.755485528380302 -0.441860624862561
1 0 -0.755485528380302 -0.441860624862561
0 1 -0.854635218530784 0.33649654252592
0 1 -0.854635218530784 0.33649654252592
0 1 -0.818250011136112 -0.856129669951523
1 0 -0.727286992649431 0.891007557740914
1 0 -0.727286992649431 0.891007557740914
1 0 -0.727286992649431 0.891007557740914
1 0 -0.727286992649431 0.891007557740914
1 0 -0.727286992649431 0.891007557740914
1 0 -0.727286992649431 0.891007557740914
1 0 -0.727286992649431 0.891007557740914
